<svg
	xmlns="http://www.w3.org/2000/svg"
    version="1.1"
>
    <path 
        class="shape"
        d=" M 414, 313
            q -29.54304828778885,   -65.05273315199463,  159,   -121
            q 130.59913008172123,   -74.06718091453087,  233,   -36
            q 59.594154120349685,   39.10013917229756,   35,    304
            q -48.79740008415433,   43.108888236963026,  -237,  108
            q -76.66589883429583,   12.568411034395467,  -303,  -69
            q -108.22137618828506,  -22.324509757522037, -170,  -408
            q -66.1927337958606,    -81.71075200137575,  419,   -37
            q 92.77861787621305,    57.60639219595454,   -285,  123
            q -22.993880590814143,  74.70169981583675,   124,   287
            q 40.97593792067954,    62.43424550293389,   292,   -63
            Q 100 100 120 120
            q 11.419459062017268,   -44.05290517923771,  25,    -166
            q -130.72238178540567,  83.33833242561326,   -292,  78
            Z"
    />

    <!--
    <path 
        class="shape"
        d=" M 414, 313
            q -29.54304828778885,   -65.05273315199463,  159,   -121
            q 130.59913008172123,   -74.06718091453087,  233,   -36
            q 59.594154120349685,   39.10013917229756,   35,    304
            q -48.79740008415433,   43.108888236963026,  -237,  108
            q -76.66589883429583,   12.568411034395467,  -303,  -69
            q -108.22137618828506,  -22.324509757522037, -170,  -408
            q -66.1927337958606,    -81.71075200137575,  419,   -37
            q 92.77861787621305,    57.60639219595454,   -285,  123
            q -22.993880590814143,  74.70169981583675,   124,   287
            q 40.97593792067954,    62.43424550293389,   292,   -63
            q 11.419459062017268,   -44.05290517923771,  25,    -166
            q -130.72238178540567,  83.33833242561326,   -292,  78
            Q 100 100 120 120
            Z"
    />
    -->

    <!--
    <path 
        class="shape"
        d=" M 414, 313
            q -29.54304828778885,   -65.05273315199463,  159,   -121
            q 130.59913008172123,   -74.06718091453087,  233,   -36
            q 59.594154120349685,   39.10013917229756,   35,    304
            q -48.79740008415433,   43.108888236963026,  -237,  108
            q -76.66589883429583,   12.568411034395467,  -303,  -69
            q -108.22137618828506,  -22.324509757522037, -170,  -408
            q -66.1927337958606,    -81.71075200137575,  419,   -37
            q 92.77861787621305,    57.60639219595454,   -285,  123
            q -22.993880590814143,  74.70169981583675,   124,   287
            q 40.97593792067954,    62.43424550293389,   292,   -63
            q 11.419459062017268,   -44.05290517923771,  25,    -166
            q -130.72238178540567,  83.33833242561326,   -292,  78
            Z"
    />
    -->
</svg>
